[gd_scene load_steps=9 format=2]

[ext_resource path="res://Resources/Weapons/SWAT Shotgun/spafa0.png" type="Texture" id=1]
[ext_resource path="res://Resources/Weapons/SWAT Shotgun/spasb0.png" type="Texture" id=2]
[ext_resource path="res://Resources/Weapons/SWAT Shotgun/spasa0.png" type="Texture" id=3]
[ext_resource path="res://Resources/Weapons/SWAT Shotgun/spafb0.png" type="Texture" id=4]
[ext_resource path="res://Resources/Weapons/SWAT Shotgun/spafc0.png" type="Texture" id=5]
[ext_resource path="res://Scenes/Shotgun.gd" type="Script" id=6]
[ext_resource path="res://Resources/Weapons/Crosshair.png" type="Texture" id=7]

[sub_resource type="SpriteFrames" id=1]
animations = [ {
"frames": [ ExtResource( 2 ) ],
"loop": true,
"name": "idle",
"speed": 12.0
}, {
"frames": [ ExtResource( 1 ), ExtResource( 4 ), ExtResource( 5 ), ExtResource( 3 ), ExtResource( 2 ) ],
"loop": true,
"name": "shoot",
"speed": 10.0
} ]

[node name="Shotgun" type="Spatial"]
script = ExtResource( 6 )

[node name="CanvasLayer" type="CanvasLayer" parent="."]

[node name="Crosshair" type="Control" parent="CanvasLayer"]
anchor_left = 0.5
anchor_top = 0.5
anchor_right = 0.5
anchor_bottom = 0.5
margin_left = -20.0
margin_top = -20.0
margin_right = 20.0
margin_bottom = 20.0
rect_pivot_offset = Vector2( -1655, -741 )
mouse_filter = 2

[node name="Sprite" type="Sprite" parent="CanvasLayer/Crosshair"]
texture = ExtResource( 7 )

[node name="Gun" type="Control" parent="CanvasLayer"]
anchor_left = 1.0
anchor_top = 1.0
anchor_right = 1.0
anchor_bottom = 1.0
margin_left = -40.0
margin_top = -40.0

[node name="GunSprite" type="AnimatedSprite" parent="CanvasLayer/Gun"]
position = Vector2( -119, 40 )
rotation = 3.14159
scale = Vector2( 3, 3 )
frames = SubResource( 1 )
animation = "idle"
playing = true
centered = false
flip_h = true
flip_v = true

[node name="GunRays" type="Spatial" parent="."]

[node name="RayCast" type="RayCast" parent="GunRays"]
transform = Transform( 1, 0, 0, 0, 0.997778, -0.0666222, 0, 0.0666222, 0.997778, 0, 0, 0 )
enabled = true
cast_to = Vector3( 0, -1, -20 )

[node name="RayCast2" type="RayCast" parent="GunRays"]
transform = Transform( 1, 0, 0, 0, 0.997564, 0.0697565, 0, -0.0697565, 0.997564, 0, 0, 0 )
enabled = true
cast_to = Vector3( 0, -1, -10 )

[node name="RayCast3" type="RayCast" parent="GunRays"]
transform = Transform( 0.994522, 0, 0.104528, 0, 1, 0, -0.104528, 0, 0.994522, 0, 0, 0 )
enabled = true
cast_to = Vector3( 0, -1, -15 )

[node name="RayCast4" type="RayCast" parent="GunRays"]
transform = Transform( 0.996195, 0, -0.0871557, 0, 1, 0, 0.0871557, 0, 0.996195, 0, 0, 0 )
enabled = true
cast_to = Vector3( 0, -1, -10 )

[node name="RayCast5" type="RayCast" parent="GunRays"]
transform = Transform( 0.99863, 0.0018265, -0.0523041, 0, 0.999391, 0.0348995, 0.052336, -0.0348517, 0.998021, 0, 0, 0 )
enabled = true
cast_to = Vector3( 0, -1, -20 )

[node name="RayCast6" type="RayCast" parent="GunRays"]
transform = Transform( 0.994522, 0.00364799, 0.104465, 0, 0.999391, -0.0348995, -0.104528, 0.0347083, 0.993916, 0, 0, 0 )
enabled = true
cast_to = Vector3( 0, -1, -10 )

[node name="RayCast7" type="RayCast" parent="GunRays"]
transform = Transform( 0.99863, -0.0054706, -0.0520493, 0, 0.994522, -0.104528, 0.052336, 0.104385, 0.993159, 0, 0, 0 )
enabled = true
cast_to = Vector3( 0, -1, -15 )

[node name="RayCast8" type="RayCast" parent="GunRays"]
enabled = true
cast_to = Vector3( 0, -1, -10 )
