// Game: DoomClone
// Format: Standard
// entity 0
{
"classname" "worldspawn"
// brush 0
{
( -94 64 16 ) ( -94 -64 16 ) ( -94 -64 -16 ) __TB_empty 0 0 0 1 1
( -94 -64 16 ) ( 64 -64 16 ) ( 64 -64 -16 ) __TB_empty 0 0 0 1 1
( 64 -64 -16 ) ( 64 64 -16 ) ( -94 64 -16 ) __TB_empty 0 0 0 1 1
( -94 64 16 ) ( 64 64 16 ) ( 64 -64 16 ) __TB_empty 0 0 0 1 1
( 64 64 -16 ) ( 64 64 16 ) ( -94 64 16 ) __TB_empty 0 0 0 1 1
( 64 -64 16 ) ( 64 64 16 ) ( 64 64 -16 ) __TB_empty 0 0 0 1 1
}
// brush 1
{
( -64 -128 -16 ) ( -64 -127 -16 ) ( -64 -128 -15 ) __TB_empty 0 0 0 1 1
( -64 -128 -16 ) ( -64 -128 -15 ) ( -63 -128 -16 ) __TB_empty 0 0 0 1 1
( -64 -128 -16 ) ( -63 -128 -16 ) ( -64 -127 -16 ) __TB_empty 0 0 0 1 1
( 64 -64 16 ) ( 64 -63 16 ) ( 65 -64 16 ) __TB_empty 0 0 0 1 1
( 64 -64 16 ) ( 65 -64 16 ) ( 64 -64 17 ) __TB_empty 0 0 0 1 1
( 64 -64 16 ) ( 64 -64 17 ) ( 64 -63 16 ) __TB_empty 0 0 0 1 1
}
// brush 2
{
( -96 -128 -16 ) ( -96 -127 -16 ) ( -96 -128 -15 ) __TB_empty 0 0 0 1 1
( -96 -128 -16 ) ( -96 -128 -15 ) ( -95 -128 -16 ) __TB_empty 0 0 0 1 1
( -96 -128 -16 ) ( -95 -128 -16 ) ( -96 -127 -16 ) __TB_empty 0 0 0 1 1
( -64 64 16 ) ( -64 65 16 ) ( -63 64 16 ) __TB_empty 0 0 0 1 1
( -64 64 16 ) ( -63 64 16 ) ( -64 64 17 ) __TB_empty 0 0 0 1 1
( -64 64 16 ) ( -64 64 17 ) ( -64 65 16 ) __TB_empty 0 0 0 1 1
}
}
